m/z	RT	intensity
468.30917	3.423	720533.8
494.32547	3.684	1763328.2
544.34088	3.744	506858.8
520.34088	3.792	1678973.8
568.34064	3.818	871555.2
544.34113	3.918	4136725.2
482.3251	3.953	609743.0
520.34052	3.987	12768541.5
542.32324	3.987	624147.0
520.88959	3.992	224023.8
518.32239	4.243	601817.0
496.34052	4.243	9321334.8
546.35596	4.33	1335802.2
522.35736	4.439	1132103.5
991.6748	4.452	3112394.2
496.46637	4.456	707174.8
496.87775	4.456	1705630.0
496.56006	4.456	623960.0
496.34119	4.456	53395916.0
1013.6568	4.456	1195530.8
478.33105	4.456	1549627.0
554.39447	4.46	1407959.8
518.32275	4.46	3973612.8
522.35614	4.642	15673966.8
544.33862	4.642	793926.2
522.90631	4.651	226894.5
480.34628	4.82	1112763.8
548.37115	4.872	361873.0
482.36176	4.924	1342712.5
510.35651	4.929	1521292.0
508.37717	5.08	905977.0
524.37274	5.184	5326976.0
546.35461	5.188	300657.5
506.36212	5.397	588253.8
1047.7373	5.397	272670.5
524.50128	5.401	429579.5
524.59418	5.401	427149.8
524.3714	5.401	39468277.8
546.35437	5.406	2679358.5
524.922	5.406	1069356.0
582.42548	5.406	828597.8
550.38727	5.532	369864.0
510.39182	5.935	356576.0
803.5434	6.659	4481867.8
798.58856	6.659	1226934.0
391.28485	6.664	3506637.2
429.24118	6.664	435068.8
413.26724	6.664	1889426.5
435.32224	6.664	359912.5
449.33856	6.664	1165179.5
774.56433	7.671	1263980.8
790.56116	7.671	489636.2
774.56531	7.844	1210846.0
798.56586	7.853	716820.8
798.56519	8.221	895677.5
822.56543	8.555	492448.5
798.56537	8.611	1098187.0
802.59521	8.953	655166.8
802.59674	9.161	636814.2
826.59601	9.177	437831.0
469.36526	9.183	314835.5
675.54352	9.473	3563237.0
826.59637	9.593	469939.2
701.55902	9.75	6854405.8
780.55426	9.789	411289.2
754.53882	9.983	584934.5
826.59686	10.031	609981.0
730.53699	10.161	1600713.5
780.55353	10.209	908868.8
689.55981	10.248	2200111.5
830.57031	10.312	517388.5
756.55328	10.39	2423159.5
780.55481	10.572	6117798.5
806.56915	10.585	4115317.0
756.55469	10.719	3502382.0
768.55487	10.758	536789.8
804.55243	10.776	417736.2
840.62329	10.78	335835.2
782.56909	10.78	13550026.5
744.55469	10.945	1568470.2
761.63055	11.031	294324.2
725.55713	11.04	5094048.2
832.58624	11.048	468139.8
703.72296	11.057	1277895.5
703.83673	11.057	1297440.2
703.57556	11.057	90686138.0
703.96619	11.061	330102.8
706.53876	11.087	1959057.5
776.58075	11.087	492397.8
369.35184	11.122	440288.2
770.57019	11.139	482048.2
782.57111	11.17	3378994.5
828.55261	11.226	1687658.5
806.8454	11.23	452746.2
864.62384	11.235	1749664.8
806.72919	11.239	380611.2
806.56927	11.239	39252972.5
732.55457	11.326	4725433.5
729.59137	11.347	5217437.2
832.5863	11.421	1587513.0
887.56683	11.529	462281.5
904.59186	11.533	1604903.2
804.55176	11.551	4987724.2
782.84583	11.551	1458050.2
840.62299	11.551	7910611.8
782.72607	11.551	1542006.5
782.98248	11.551	380167.8
826.6076	11.551	655607.5
764.5235	11.551	548966.8
782.5722	11.551	102948072.0
705.59119	11.655	1853748.0
880.5921	11.685	489727.8
866.63995	11.706	962911.0
830.56915	11.706	562628.8
808.58582	11.724	16283918.2
1148.84534	11.732	271876.5
761.24103	11.732	299604.5
758.84326	11.732	2636864.5
758.57288	11.732	157064193.5
758.72333	11.732	2864965.0
759.57544	11.732	107247687.5
758.9798	11.732	1234819.8
802.60895	11.741	1080824.0
780.55194	11.741	8992829.8
816.62415	11.741	12317132.2
781.55627	11.741	4109807.2
848.53998	11.76	471251.5
717.59076	11.871	1114818.2
740.52374	11.875	396969.8
784.85498	11.932	309443.5
784.58527	11.932	34101935.5
806.5683	11.932	1388214.2
842.63934	11.932	1321073.5
784.74268	11.932	285790.5
790.57556	11.949	795228.8
820.58551	12.036	387367.5
716.52307	12.062	333258.0
796.58582	12.096	844628.2
746.56989	12.105	1253761.5
429.37402	12.139	401768.8
792.59131	12.191	1071771.5
866.63959	12.198	369760.2
784.58624	12.2	61421195.5
808.58527	12.2	8795398.0
784.74298	12.2	726677.5
784.8587	12.2	774585.0
786.2644	12.2	382364.2
842.6391	12.204	2822760.2
806.56799	12.204	2527309.0
772.58643	12.278	2048532.0
766.57489	12.295	7672942.8
748.52844	12.33	407878.2
818.60669	12.347	640395.2
796.58624	12.356	1614219.8
810.60193	12.399	4304458.2
429.37387	12.468	372828.0
792.5907	12.473	1819369.2
742.5741	12.516	6169920.0
768.59113	12.538	10126917.5
772.58649	12.538	4026050.5
784.58685	12.663	1504065.2
724.52905	12.676	913622.8
734.57019	12.689	8932160.2
792.62347	12.693	288361.2
852.66119	12.693	322713.8
794.60687	12.694	7413912.8
731.60614	12.694	10935130.0
753.58948	12.694	561142.2
756.55316	12.694	359120.8
810.60199	12.728	6656004.0
798.60358	12.728	554405.8
744.5907	12.728	3901336.0
856.58417	12.832	585897.0
834.60187	12.832	14287201.2
892.65503	12.849	840961.2
750.54407	12.858	854856.8
770.60663	12.884	1521410.5
782.56769	12.901	5342458.2
818.6394	12.901	6600363.2
760.99249	12.901	381965.0
760.74005	12.901	1505942.8
760.58673	12.901	109799779.8
804.62384	12.901	575793.0
760.85675	12.901	1519493.8
768.59149	12.971	1132130.2
757.6225	12.992	3130364.8
798.60211	13.005	757066.5
701.40991	13.083	482852.2
783.63916	13.088	922676.0
721.50677	13.092	19160665.2
1383.95215	13.092	1382360.2
1342.92627	13.092	286681.2
680.48004	13.092	7166868.2
663.45361	13.092	11820355.0
685.43597	13.092	1312107.5
707.49127	13.092	1795803.8
786.6015	13.118	11525667.0
868.6557	13.161	3998781.0
810.60175	13.161	74323213.0
810.76111	13.161	1081483.5
810.88141	13.161	1064179.5
832.58453	13.161	2943485.5
854.63977	13.161	376216.8
812.29303	13.161	758303.2
770.60687	13.2	1256205.8
836.61786	13.3	4432470.2
733.62292	13.304	452879.2
786.60254	13.343	134501795.8
786.75818	13.343	2131228.0
786.87836	13.343	2026559.2
830.63977	13.347	1009185.2
844.6546	13.347	10412249.8
809.58679	13.347	3444263.0
809.65546	13.352	1011415.2
808.58398	13.352	6942435.0
787.01691	13.352	698825.0
876.57196	13.352	484289.8
796.62299	13.353	727625.0
812.61731	13.434	1903716.5
794.60693	13.482	592385.0
768.55566	13.49	1171867.2
718.57599	13.516	1081330.2
745.62299	13.525	579652.8
721.50665	13.555	4545494.0
639.49658	13.629	568519.0
634.53992	13.629	634725.5
684.20386	13.663	581624.5
774.60242	13.707	1603842.8
720.59137	13.707	1348647.8
744.5907	13.707	1702832.8
796.62366	13.715	922417.5
812.61798	13.806	31305863.0
820.62347	13.806	511853.5
834.60022	13.811	1137464.5
813.30493	13.811	454253.2
870.67133	13.811	1011898.5
746.60736	13.88	3023576.0
794.60754	13.914	1709727.5
776.56079	13.945	361248.2
770.60773	14.131	1191149.8
800.61902	14.148	603094.2
796.62366	14.166	3597189.5
822.63916	14.235	771279.8
812.61914	14.27	858289.2
762.60199	14.295	2949472.0
752.56018	14.304	1469010.8
838.63501	14.317	2409809.8
781.62201	14.347	377419.2
759.63934	14.347	8075011.0
785.65521	14.356	3314526.5
772.6236	14.356	1109797.0
788.61682	14.508	25493964.2
789.29413	14.512	299250.2
810.60077	14.512	1071312.8
846.6723	14.516	766347.5
728.56091	14.516	442704.5
807.63782	14.616	448094.8
833.6535	14.616	785437.0
785.65509	14.62	9342585.8
811.66949	14.62	15891255.5
575.50476	14.668	764437.0
610.54034	14.672	1187013.2
615.49628	14.676	959599.0
814.63416	14.772	2992146.5
657.48737	14.871	417338.0
601.52002	14.871	587452.5
636.55573	14.871	1476357.5
677.58435	14.876	434955.0
641.51147	14.876	1365664.2
799.67163	15.127	1801714.2
773.6543	15.153	2647053.2
799.67133	15.404	3609518.5
553.46033	15.568	626361.8
548.50488	15.568	1529144.2
569.43317	15.568	434797.5
475.41632	15.568	550266.8
589.53107	15.568	1084751.2
551.50452	15.672	363861.2
591.49658	15.681	340269.2
850.67053	15.707	748138.0
824.6546	15.707	565400.0
814.3736	15.845	387606.8
835.66858	15.845	1360387.0
577.52039	15.845	1582933.2
813.68561	15.845	24022522.2
617.5127	15.845	1113261.8
653.58386	15.85	585176.2
871.73877	15.85	314997.2
612.55756	15.854	1642694.5
809.65283	15.863	1024066.2
787.67029	15.863	18183608.5
876.68628	15.945	693071.0
603.53564	16.014	588331.0
643.5282	16.014	910807.8
638.5722	16.019	1147802.5
813.68597	16.105	8083391.8
827.70197	16.231	614160.2
815.70093	16.336	511033.2
801.68634	16.503	7413947.8
878.7019	16.897	956094.2
815.7019	17.058	11668142.8
837.6842	17.058	556910.5
647.45886	17.261	819773.8
709.55408	17.646	575588.5
685.55359	17.85	499894.8
723.64056	18.014	1087695.0
687.56946	18.014	649972.8
904.76141	18.049	825832.5
727.56384	18.079	852715.5
763.6358	18.084	695041.2
722.60883	18.097	636876.5
929.79291	18.17	980459.0
632.63458	18.175	353023.2
650.64459	18.179	470714.2
888.76672	18.179	944566.8
703.56378	18.179	1455249.8
725.61969	18.183	769036.8
680.59827	18.183	630314.2
663.57129	18.183	433179.2
739.63531	18.183	2557027.0
698.60846	18.188	1224948.5
747.64038	18.218	3849506.0
733.62494	18.222	1079889.2
671.57678	18.222	2518973.0
711.56897	18.222	2636058.5
369.35251	18.231	1314884.2
706.6142	18.253	951703.5
1352.15015	18.283	267879.2
647.57709	18.283	1838733.5
709.62549	18.283	1586255.5
723.64111	18.283	5400381.2
367.3374	18.287	800265.5
682.6142	18.287	641455.0
687.56891	18.292	2639747.8
745.62476	18.335	563554.2
685.55328	18.491	615619.0
721.62433	18.491	3902775.2
707.60889	18.491	603175.5
663.57092	18.495	1021599.8
906.77734	18.599	696215.5
890.78113	18.72	722896.2
764.67645	19.24	509795.2
857.7337	19.443	558899.8
816.70795	19.443	826042.2
883.75006	19.612	679724.0
842.72351	19.616	1103061.2
740.67645	19.707	450930.2
766.69165	19.759	999558.5
807.7182	19.759	565518.0
894.75433	19.794	3027854.8
899.71106	19.794	870858.8
935.78088	19.794	1798153.0
833.73334	19.859	1181728.5
868.73932	19.863	1479516.2
797.66333	19.863	594658.8
792.70782	19.863	2186450.5
880.71735	19.902	414447.5
922.74872	19.906	351999.5
859.75024	19.915	2168042.8
823.67828	19.915	1024276.0
818.7226	19.915	4125088.8
865.66827	20.019	523866.2
849.69366	20.028	1485864.8
885.76532	20.036	3245196.2
844.73877	20.036	6626575.0
894.75366	20.075	1788450.0
920.76996	20.088	1500707.8
891.68433	20.166	818820.5
875.70953	20.184	2775543.5
911.78058	20.188	6799152.8
870.75482	20.192	16440605.5
832.73859	20.197	603012.8
923.78137	20.21	2826346.8
917.69995	20.21	795033.2
901.72485	20.21	2305375.8
937.79602	20.21	5611456.8
896.76923	20.21	14180747.2
809.73492	20.279	494230.5
920.76965	20.279	1780496.8
961.79547	20.279	614230.8
768.70721	20.283	1282173.5
858.75403	20.309	1254352.5
835.74915	20.322	1674681.5
794.7226	20.322	4434056.0
799.67834	20.322	646360.0
946.78534	20.331	1087579.8
825.6944	20.383	1600658.5
861.76556	20.4	4699909.8
820.73846	20.4	13803070.8
937.79608	20.439	2149819.5
851.70953	20.452	2558190.8
896.77026	20.452	8427608.2
867.68396	20.453	377288.5
847.03613	20.461	317130.2
846.9173	20.461	387463.5
846.755	20.461	32582570.5
887.78143	20.461	8980113.8
963.81226	20.474	1257382.8
693.55829	20.478	643781.8
715.61334	20.478	814178.5
922.78607	20.478	5396396.2
949.79822	20.478	814019.5
729.62927	20.478	777646.8
688.60278	20.482	6100798.2
369.35135	20.487	370302.5
893.70044	20.543	687368.0
872.77051	20.556	88900117.0
873.18646	20.556	390547.5
873.48322	20.556	2101447.2
913.79645	20.556	21982188.5
877.72559	20.556	5297021.8
872.9342	20.56	1356289.0
873.0592	20.56	1272905.8
808.73962	20.582	699195.8
898.95361	20.592	428662.0
899.07422	20.608	449643.8
939.81152	20.608	9846448.2
898.78589	20.608	39428185.8
899.50903	20.608	711948.2
925.79614	20.625	5405184.2
903.74139	20.625	2458236.2
834.75494	20.651	2263302.8
963.81201	20.686	762888.5
922.78589	20.686	3343104.5
719.57404	20.694	597964.0
902.7998	20.703	1336554.0
714.61786	20.703	6631971.8
755.64465	20.712	1514349.2
860.77002	20.712	4460366.2
741.62903	20.712	1445712.8
1361.18567	20.712	500933.5
948.80133	20.72	1285366.0
1311.17053	20.729	1475888.0
1316.1261	20.729	340492.8
1338.18225	20.729	304807.5
664.60162	20.729	16279290.8
691.61365	20.738	3025220.5
705.62921	20.738	3719330.5
369.35101	20.738	1362933.0
647.57629	20.738	401040.8
669.55792	20.738	1720874.5
886.78546	20.764	2578184.5
837.76453	20.79	1124320.0
796.73834	20.798	3570208.0
827.71014	20.816	966458.2
863.78046	20.824	4580271.2
822.75464	20.833	18375937.2
898.78516	20.842	9847836.0
965.82758	20.846	1824203.2
951.81458	20.85	1300001.5
853.72516	20.85	1840241.2
924.80096	20.863	10977888.0
889.79633	20.868	11501316.2
848.77039	20.881	65800510.5
848.9317	20.894	1341922.8
849.05377	20.894	1147851.5
717.62933	20.902	3432312.8
695.57355	20.907	1583475.0
1363.19958	20.911	9340390.0
1390.2113	20.911	462021.2
731.64471	20.911	4759684.0
673.59174	20.915	2008336.8
690.98712	20.918	243722.2
690.87408	20.92	1002938.8
690.61847	20.92	57863767.2
690.76324	20.92	1176785.2
369.35175	20.928	4117200.2
575.50305	20.928	579898.8
577.51764	20.936	464055.0
874.94958	20.95	2604605.8
915.81195	20.95	23741978.2
875.50037	20.95	4337576.5
875.33905	20.95	457781.0
875.22308	20.95	792966.2
875.07837	20.95	2157629.2
874.78802	20.95	124409668.5
601.5188	20.963	443297.8
879.74072	20.971	3186878.5
900.9671	20.997	995796.5
901.09229	20.997	926232.8
901.52515	20.997	1362035.0
900.8006	20.997	61288597.0
941.82684	21.01	8905841.2
1313.18457	21.019	319634.5
905.75586	21.019	1500445.0
810.75531	21.036	571862.5
614.58679	21.045	599197.8
1237.15381	21.049	1128932.5
681.62921	21.058	1899142.8
645.55682	21.058	606296.5
836.771	21.062	2759455.2
1263.17151	21.062	3188432.2
640.60175	21.062	9156773.2
926.81738	21.071	2203852.0
862.78632	21.084	5116847.8
1289.18445	21.101	5321275.0
888.8028	21.132	3278296.0
1298.17627	21.158	1087178.8
667.62177	21.158	97818842.2
666.61908	21.158	140188915.8
1017.93665	21.158	461344.5
666.87225	21.158	2497991.2
1315.3949	21.158	1956530.2
666.7619	21.158	3073039.8
1317.20752	21.158	59511898.0
1315.55908	21.158	1836314.5
1315.20142	21.162	98441079.0
649.59167	21.162	1640644.5
1316.20471	21.162	98615292.0
667.00079	21.162	1098531.2
369.35172	21.166	15487048.0
1356.22498	21.171	1234214.0
671.57318	21.175	3492844.0
1320.15356	21.179	1299310.0
707.64429	21.179	15693236.0
1473.34961	21.232	225730.5
1341.21301	21.236	1837585.5
952.83301	21.244	832923.8
1499.36462	21.244	430054.8
733.66016	21.257	722303.2
692.63342	21.262	7093337.0
824.76953	21.262	6881290.8
865.79639	21.262	1171141.5
719.64478	21.262	620691.0
551.50195	21.275	338323.2
891.81085	21.279	7219565.0
855.74139	21.288	1130748.0
850.78583	21.288	51938061.0
851.07104	21.292	950130.2
850.9469	21.292	1030730.2
577.5177	21.301	949484.5
926.81586	21.301	4133666.2
877.51501	21.314	3601742.0
877.35266	21.314	376414.8
877.23804	21.314	643674.2
876.96417	21.314	2063784.2
877.0929	21.318	1910620.5
876.80164	21.318	115100436.5
917.82654	21.322	19637501.0
603.53455	21.327	487831.2
881.7558	21.331	3708371.5
680.63306	21.357	1087382.5
654.61774	21.357	839929.0
902.98267	21.365	735482.8
903.10791	21.365	731937.8
902.8158	21.365	52401899.8
903.54272	21.365	1107534.2
943.84241	21.383	8535667.8
907.77118	21.404	2329303.5
928.83087	21.409	3429833.2
668.63324	21.421	648028.5
923.74634	21.434	322307.8
969.85883	21.456	674854.5
838.78491	21.469	724203.2
721.50519	21.487	1020095.5
864.80054	21.5	2803903.5
931.84186	21.502	874055.5
694.64856	21.526	713381.0
890.81677	21.53	3433111.0
683.64435	21.586	3599568.2
1308.22681	21.591	403746.8
647.57318	21.591	1080203.5
1250.1759	21.604	1757601.8
1267.20056	21.604	9726499.2
993.93707	21.608	688567.2
642.61792	21.608	12765248.5
1276.18994	21.612	1951177.0
1293.21655	21.612	32524992.2
1293.5647	21.612	581935.0
1334.24121	21.612	849590.8
1293.41345	21.617	625229.5
1019.95184	21.621	799205.5
1302.2041	21.625	766384.2
1319.23047	21.625	25935168.0
1319.43091	21.625	403395.0
668.88538	21.625	928195.8
1319.58203	21.625	397093.5
668.77686	21.625	1008660.2
668.6344	21.625	57559768.0
369.35165	21.625	11447905.8
709.6604	21.63	9101103.5
1360.25684	21.634	636414.2
673.58917	21.638	2113412.8
1346.24133	21.643	1336851.0
695.64465	21.647	5915405.0
852.80023	21.695	5796415.5
893.82672	21.699	1224930.5
879.10199	21.703	235055.2
879.53235	21.708	367021.2
878.81531	21.712	21462062.0
878.98206	21.715	225555.0
919.84161	21.716	4506631.8
904.83215	21.729	18080873.0
883.77106	21.734	996451.8
945.8573	21.742	3985346.5
930.84644	21.751	1825316.2
909.78632	21.755	1185602.2
656.63361	21.777	617598.8
971.87439	21.777	503017.0
921.85852	22.076	588144.2
880.83228	22.084	1420911.5
947.87433	22.089	888890.8
906.84766	22.093	2361923.5
1323.26404	22.106	403854.5
932.8631	22.106	834442.8
670.64825	22.11	2814223.0
675.604	22.11	720479.0
697.65997	22.11	1423307.8
711.67462	22.11	1684070.2
369.3515	22.119	715281.2
